1.0 0.0 0.0
0.951056516 0.309016994 0.0
0.809016994 0.587785252 0.0
0.587785252 0.809016994 0.0
0.309016994 0.951056516 0.0
0.0 1.0 0.0
-0.309016994 0.951056516 0.0
-0.587785252 0.809016994 0.0
-0.809016994 0.587785252 0.0
-0.951056516 0.309016994 0.0
-1.0 0.0 0.0
-0.951056516 -0.309016994 0.0
-0.809016994 -0.587785252 0.0
-0.587785252 -0.809016994 0.0
-0.309016994 -0.951056516 0.0
0.0 -1.0 0.0
0.309016994 -0.951056516 0.0
0.587785252 -0.809016994 0.0
0.809016994 -0.587785252 0.0
0.951056516 -0.309016994 0.0
1.0 0.0 0.0